/* NeoPixelを光らせるためのアニメーション（毎フレームごとの色）を定義 */

#include <stdint.h>
#include "animations.h"

/* 非警戒モード/会話モードの時に赤外線センサが反応したときのアニメーション，ゆっくり点灯 */
const uint8_t anime01[NUM_COLORS][NUM_FRAMES]=
{
  {0,0,0,0,0,0,0,0,0,0,0,0,0,0,0,0,0,0,0,0,0,0,0,0,0,0,0,0,0,0,0,0,0,0,0,0,0,0,0,0,0,0,0,0,0,0,0,0},
  {0,0,0,0,0,0,0,0,0,0,0,0,0,0,0,0,0,0,0,0,0,0,0,0,0,0,0,0,0,0,0,0,0,0,0,0,0,0,0,0,0,0,0,0,0,0,0,0},
  {0,5,11,16,22,27,33,38,43,49,54,60,65,71,76,81,87,92,98,103,109,114,119,125,130,136,141,146,152,157,163,168,174,179,184,190,195,201,206,212,217,222,228,233,239,244,250,255}
};

/* 警戒モードの時に赤外線センサが反応したときのアニメーション，ゆっくり点灯 */
const uint8_t anime02[NUM_COLORS][NUM_FRAMES] =
{
  {0,3,6,8,11,14,17,19,22,25,27,30,33,36,38,41,44,46,49,52,55,57,60,63,65,68,71,73,76,79,82,84,87,90,92,95,98,101,103,106,109,111,114,117,120,122,125,128},
  {0,3,6,8,11,14,17,19,22,25,27,30,33,36,38,41,44,46,49,52,55,57,60,63,65,68,71,73,76,79,82,84,87,90,92,95,98,101,103,106,109,111,114,117,120,122,125,128},
  {0,0,0,0,0,0,0,0,0,0,0,0,0,0,0,0,0,0,0,0,0,0,0,0,0,0,0,0,0,0,0,0,0,0,0,0,0,0,0,0,0,0,0,0,0,0,0,0}
};

/*  警戒モードの時に赤外線センサが反応したときのアニメーション，ゆっくり点灯 */
const uint8_t anime03[NUM_COLORS][NUM_FRAMES] =
{
  {0,0,0,0,0,0,0,0,0,0,0,0,0,0,0,0,0,0,0,0,0,0,0,0,0,0,0,0,0,0,0,0,0,0,0,0,0,0,0,0,0,0,0,0,0,0,0,0},
  {0,0,0,0,0,0,0,0,0,0,0,0,0,0,0,0,0,0,0,0,0,0,0,0,0,0,0,0,0,0,0,0,0,0,0,0,0,0,0,0,0,0,0,0,0,0,0,0},
  {0,51,102,153,204,255,255,204,153,102,51,0,0,51,102,153,204,255,255,204,153,102,51,0,0,51,102,153,204,255,255,204,153,102,51,0,0,51,102,153,204,255,255,204,153,102,51,0}
};

/* 非警戒モード/会話モードの時に話している間 */
const uint8_t anime04[NUM_COLORS][NUM_FRAMES] =
{
  {0,26,51,77,102,128,128,102,77,51,26,0,0,26,51,77,102,128,128,102,77,51,26,0,0,26,51,77,102,128,128,102,77,51,26,0,0,26,51,77,102,128,128,102,77,51,26,0},
  {0,26,51,77,102,128,128,102,77,51,26,0,0,26,51,77,102,128,128,102,77,51,26,0,0,26,51,77,102,128,128,102,77,51,26,0,0,26,51,77,102,128,128,102,77,51,26,0},
  {0,0,0,0,0,0,0,0,0,0,0,0,0,0,0,0,0,0,0,0,0,0,0,0,0,0,0,0,0,0,0,0,0,0,0,0,0,0,0,0,0,0,0,0,0,0,0,0}
};

/* 警戒モードの時に話している間 */
const uint8_t anime05[NUM_COLORS][NUM_FRAMES] =
{
  {0,0,0,0,0,0,0,0,0,0,0,0,0,0,0,0,0,0,0,0,0,0,0,0,0,0,0,0,0,0,0,0,0,0,0,0,0,0,0,0,0,0,0,0,0,0,0,0},
  {0,0,0,0,0,0,0,0,0,0,0,0,0,0,0,0,0,0,0,0,0,0,0,0,0,0,0,0,0,0,0,0,0,0,0,0,0,0,0,0,0,0,0,0,0,0,0,0},
  {255,255,255,255,255,255,255,255,255,255,255,255,255,255,255,255,255,255,255,255,255,255,255,255,255,255,255,255,255,255,255,255,255,255,255,255,255,255,255,255,255,255,255,255,255,255,255,255}
};

/* 非警戒モード/会話モードの時に聞いている間 */
const uint8_t anime06[NUM_COLORS][NUM_FRAMES] =
{
  {128,128,128,128,128,128,128,128,128,128,128,128,128,128,128,128,128,128,128,128,128,128,128,128,128,128,128,128,128,128,128,128,128,128,128,128,128,128,128,128,128,128,128,128,128,128,128,128},
  {128,128,128,128,128,128,128,128,128,128,128,128,128,128,128,128,128,128,128,128,128,128,128,128,128,128,128,128,128,128,128,128,128,128,128,128,128,128,128,128,128,128,128,128,128,128,128,128},
  {0,0,0,0,0,0,0,0,0,0,0,0,0,0,0,0,0,0,0,0,0,0,0,0,0,0,0,0,0,0,0,0,0,0,0,0,0,0,0,0,0,0,0,0,0,0,0,0}
};

/* 警戒モードの時に聞いている間 */
const uint8_t anime07[NUM_COLORS][NUM_FRAMES] =
{
  {0,0,0,0,0,0,0,0,0,0,0,0,0,0,0,0,0,0,0,0,0,0,0,0,0,0,0,0,0,0,0,0,0,0,0,0,0,0,0,0,0,0,0,0,0,0,0,0},
  {0,0,0,0,0,0,0,0,0,0,0,0,0,0,0,0,0,0,0,0,0,0,0,0,0,0,0,0,0,0,0,0,0,0,0,0,0,0,0,0,0,0,0,0,0,0,0,0},
  {255,255,0,0,255,255,0,0,255,255,0,0,255,255,0,0,255,255,0,0,255,255,0,0,255,255,0,0,255,255,0,0,255,255,0,0,255,255,0,0,255,255,0,0,255,255,0,0}
};

/* 考えている間（サーバ処理中）*/
const uint8_t anime08[NUM_COLORS][NUM_FRAMES] =
{
  {0,51,102,153,204,255,255,204,153,102,51,0,0,51,102,153,204,255,255,204,153,102,51,0,0,51,102,153,204,255,255,204,153,102,51,0,0,51,102,153,204,255,255,204,153,102,51,0},
  {0,0,0,0,0,0,0,0,0,0,0,0,0,0,0,0,0,0,0,0,0,0,0,0,0,0,0,0,0,0,0,0,0,0,0,0,0,0,0,0,0,0,0,0,0,0,0,0},
  {0,0,0,0,0,0,0,0,0,0,0,0,0,0,0,0,0,0,0,0,0,0,0,0,0,0,0,0,0,0,0,0,0,0,0,0,0,0,0,0,0,0,0,0,0,0,0,0}
};

/* 侵入者を検知したときのアニメーション */
const uint8_t anime09[NUM_COLORS][NUM_FRAMES] =
{
  {0,3,6,8,11,14,17,19,22,25,27,30,33,36,38,41,44,46,49,52,55,57,60,63,65,68,71,73,76,79,82,84,87,90,92,95,98,101,103,106,109,111,114,117,120,122,125,128},
  {0,3,6,8,11,14,17,19,22,25,27,30,33,36,38,41,44,46,49,52,55,57,60,63,65,68,71,73,76,79,82,84,87,90,92,95,98,101,103,106,109,111,114,117,120,122,125,128},
  {255,250,244,239,233,228,222,217,212,206,201,195,190,184,179,174,168,163,157,152,146,141,136,130,125,119,114,109,103,98,92,87,81,76,71,65,60,54,49,43,38,33,27,22,16,11,5,0}
};

/* 非警戒モード/会話モードから警戒モードへの遷移 */
const uint8_t anime10[NUM_COLORS][NUM_FRAMES] =
{
  {128,125,122,120,117,114,111,109,106,103,101,98,95,92,90,87,84,82,79,76,73,71,68,65,63,60,57,55,52,49,46,44,41,38,36,33,30,27,25,22,19,17,14,11,8,6,3,0},
  {128,125,122,120,117,114,111,109,106,103,101,98,95,92,90,87,84,82,79,76,73,71,68,65,63,60,57,55,52,49,46,44,41,38,36,33,30,27,25,22,19,17,14,11,8,6,3,0},
  {0,5,11,16,22,27,33,38,43,49,54,60,65,71,76,81,87,92,98,103,109,114,119,125,130,136,141,146,152,157,163,168,174,179,184,190,195,201,206,212,217,222,228,233,239,244,250,255}
};

/* ゆっくり消灯するとき（会話モードで赤外線検知後，タイムアウトしたとき） */
const uint8_t anime11[NUM_COLORS][NUM_FRAMES] =
{
  {0,0,0,0,0,0,0,0,0,0,0,0,0,0,0,0,0,0,0,0,0,0,0,0,0,0,0,0,0,0,0,0,0,0,0,0,0,0,0,0,0,0,0,0,0,0,0,0},
  {0,0,0,0,0,0,0,0,0,0,0,0,0,0,0,0,0,0,0,0,0,0,0,0,0,0,0,0,0,0,0,0,0,0,0,0,0,0,0,0,0,0,0,0,0,0,0,0},
  {255,250,244,239,233,228,222,217,212,206,201,195,190,184,179,174,168,163,157,152,146,141,136,130,125,119,114,109,103,98,92,87,81,76,71,65,60,54,49,43,38,33,27,22,16,11,5,0}
};
